distortion:
0.220153 -0.730533 -0.011886 -0.031079
projection:
469.997864 0.000000 319.500000
0.000000 451.971985 239.500000
0.000000 0.000000 1.000000
error:
0.421326
